[gd_scene load_steps=12 format=2]

[ext_resource path="res://City.gdns" type="Script" id=1]
[ext_resource path="res://default_env.tres" type="Environment" id=2]
[ext_resource path="res://Resources/PowerPlant.tscn" type="PackedScene" id=3]
[ext_resource path="res://KinematicBody.gdns" type="Script" id=4]
[ext_resource path="res://Resources/WindMill.tscn" type="PackedScene" id=5]
[ext_resource path="res://Ressources/Icons/RoofWindTurb1.png" type="Texture" id=6]
[ext_resource path="res://Ressources/Icons/RoofWindTurb2.png" type="Texture" id=7]

[sub_resource type="SphereShape" id=1]

[sub_resource type="StyleBoxTexture" id=2]
texture = ExtResource( 7 )
region_rect = Rect2( 0, 0, 347, 100 )
expand_margin_left = 247.0

[sub_resource type="StyleBoxTexture" id=3]
texture = ExtResource( 6 )
region_rect = Rect2( 0, 0, 100, 100 )

[sub_resource type="StyleBoxTexture" id=4]
texture = ExtResource( 6 )
region_rect = Rect2( 0, 0, 100, 100 )

[node name="Main" type="Spatial"]

[node name="3Dworld" type="Spatial" parent="."]
script = ExtResource( 1 )

[node name="WorldEnvironment" type="WorldEnvironment" parent="3Dworld"]
environment = ExtResource( 2 )

[node name="DirectionalLight" type="DirectionalLight" parent="3Dworld/WorldEnvironment"]
transform = Transform( 0.737796, -0.477997, 0.47663, 0, 0.706094, 0.708118, -0.675024, -0.522447, 0.520953, 0, 30.4054, 0 )
shadow_enabled = true
shadow_bias = 0.0
directional_shadow_max_distance = 1000.0

[node name="KinematicBody" type="KinematicBody" parent="3Dworld"]
transform = Transform( 1, 0, 0, 0, 1, 0, 0, 0, 1, 1.5638, 33.7579, 82.5155 )
script = ExtResource( 4 )

[node name="ClippedCamera" type="ClippedCamera" parent="3Dworld/KinematicBody"]
transform = Transform( 1, 0, 0, 0, 0.965926, 0.258819, 0, -0.258819, 0.965926, 0, 0, 0 )
environment = ExtResource( 2 )
fov = 35.0
far = 1000.0

[node name="CollisionShape" type="CollisionShape" parent="3Dworld/KinematicBody"]
transform = Transform( 1, 0, 0, 0, 0.905702, -0.423915, 0, 0.423915, 0.905702, -1.5638, -0.58039, -6.59145 )
shape = SubResource( 1 )

[node name="Spatial" parent="3Dworld" instance=ExtResource( 3 )]
transform = Transform( 10, 0, 0, 0, 10, 0, 0, 0, 10, 15, 0, -45 )

[node name="Windmill" parent="3Dworld" instance=ExtResource( 5 )]
transform = Transform( 10, 0, 0, 0, 10, 0, 0, 0, 10, 60, 0, -30 )

[node name="2D layer" type="Spatial" parent="."]

[node name="Node2D" type="Node2D" parent="."]

[node name="RoofWindTurbines" type="Button" parent="Node2D"]
margin_left = 931.054
margin_top = 488.576
margin_right = 1031.05
margin_bottom = 588.576
mouse_default_cursor_shape = 2
custom_styles/hover = SubResource( 2 )
custom_styles/pressed = SubResource( 3 )
custom_styles/normal = SubResource( 4 )
action_mode = 0
__meta__ = {
"_edit_use_anchors_": false
}
[connection signal="pressed" from="Node2D/RoofWindTurbines" to="3Dworld" method="_on_RoofWindTurbines_pressed"]
