[gd_scene load_steps=7 format=2]

[ext_resource path="res://default_env.tres" type="Environment" id=2]
[ext_resource path="res://KinematicBody.gdns" type="Script" id=4]
[ext_resource path="res://StaticBody.gdns" type="Script" id=18]
[ext_resource path="res://Ressources/Restau.tscn" type="PackedScene" id=19]

[sub_resource type="SphereShape" id=1]

[sub_resource type="BoxShape" id=2]

[node name="Main" type="Spatial"]

[node name="WorldEnvironment" type="WorldEnvironment" parent="."]
environment = ExtResource( 2 )

[node name="DirectionalLight" type="DirectionalLight" parent="WorldEnvironment"]
transform = Transform( 0.737796, -0.477997, 0.47663, 0, 0.706094, 0.708118, -0.675024, -0.522447, 0.520953, 0, 5.28169, 0 )
shadow_enabled = true
shadow_bias = 0.0
directional_shadow_max_distance = 1000.0

[node name="KinematicBody" type="KinematicBody" parent="."]
transform = Transform( 1, 0, 0, 0, 1, 0, 0, 0, 1, 1.5638, 33.7579, 82.5155 )
script = ExtResource( 4 )

[node name="ClippedCamera" type="ClippedCamera" parent="KinematicBody"]
transform = Transform( 1, 0, 0, 0, 0.965926, 0.258819, 0, -0.258819, 0.965926, 0, 0, 0 )
fov = 35.0
far = 1000.0

[node name="CollisionShape" type="CollisionShape" parent="KinematicBody"]
transform = Transform( 1, 0, 0, 0, 0.905702, -0.423915, 0, 0.423915, 0.905702, -1.5638, -0.58039, -6.59145 )
shape = SubResource( 1 )

[node name="StaticBody" type="StaticBody" parent="."]
script = ExtResource( 18 )

[node name="Restau" parent="StaticBody" instance=ExtResource( 19 )]
transform = Transform( 10, 0, 0, 0, 10, 0, 0, 0, 10, 0, 0, 0 )

[node name="Area" type="Area" parent="StaticBody"]

[node name="CollisionShape" type="CollisionShape" parent="StaticBody/Area"]
transform = Transform( 10, 0, 0, 0, 6, 0, 0, 0, 10, 0, 6, 0 )
shape = SubResource( 2 )
[connection signal="mouse_entered" from="StaticBody/Area" to="StaticBody" method="_on_Area_mouse_entered"]
[connection signal="mouse_exited" from="StaticBody/Area" to="StaticBody" method="_on_Area_mouse_exited"]

[editable path="StaticBody/Restau"]
