[gd_scene load_steps=11 format=2]

[ext_resource path="res://Resources/Pedestrian1.tscn" type="PackedScene" id=1]
[ext_resource path="res://Resources/PowerPlant.tscn" type="PackedScene" id=2]
[ext_resource path="res://Resources/WindMill.tscn" type="PackedScene" id=3]
[ext_resource path="res://default_env.tres" type="Environment" id=4]
[ext_resource path="res://Resources/NuclearPowerPlant.gdns" type="Script" id=5]
[ext_resource path="res://Resources/Windmill.gdns" type="Script" id=6]
[ext_resource path="res://KinematicBody.gdns" type="Script" id=7]
[ext_resource path="res://Resources/Pedestrian1.gdns" type="Script" id=8]
[ext_resource path="res://City.gdns" type="Script" id=9]

[sub_resource type="SphereShape" id=1]

[node name="3Dworld" type="Spatial"]
script = ExtResource( 9 )

[node name="WorldEnvironment" type="WorldEnvironment" parent="."]
environment = ExtResource( 4 )

[node name="DirectionalLight" type="DirectionalLight" parent="WorldEnvironment"]
transform = Transform( 0.737796, -0.477997, 0.47663, 0, 0.706094, 0.708118, -0.675024, -0.522447, 0.520953, 0, 136.034, 0 )
light_color = Color( 1, 0.882353, 0.85098, 1 )
light_energy = 2.0
shadow_enabled = true
shadow_bias = 0.0
directional_shadow_max_distance = 1000.0

[node name="DirectionalLight2" type="DirectionalLight" parent="WorldEnvironment"]
transform = Transform( -0.208031, 0.692626, -0.690646, 0, 0.706094, 0.708118, 0.978122, 0.147311, -0.14689, -3.895, 0, -3.493 )
light_color = Color( 0.101961, 0.329412, 0.568627, 1 )
light_energy = 0.15
light_indirect_energy = 0.0
light_specular = 0.0
shadow_bias = 0.0
directional_shadow_max_distance = 1000.0

[node name="Player" type="KinematicBody" parent="."]
transform = Transform( 1, 0, 0, 0, 1, 0, 0, 0, 1, 1.5638, 33.7579, 82.5155 )
script = ExtResource( 7 )

[node name="ClippedCamera" type="ClippedCamera" parent="Player"]
transform = Transform( 1, 0, 0, 0, 0.965926, 0.258819, 0, -0.258819, 0.965926, 0, 0, 0 )
environment = ExtResource( 4 )
fov = 35.0
far = 1000.0

[node name="CollisionShape" type="CollisionShape" parent="Player"]
transform = Transform( 1, 0, 0, 0, 0.905702, -0.423915, 0, 0.423915, 0.905702, -1.5638, -0.58039, -6.59145 )
shape = SubResource( 1 )

[node name="NuclearPowerPlant" type="Spatial" parent="." instance=ExtResource( 2 )]
transform = Transform( 10, 0, 0, 0, 10, 0, 0, 0, 10, 15, 0, -45 )
script = ExtResource( 5 )

[node name="Windmill" type="Spatial" parent="." instance=ExtResource( 3 )]
transform = Transform( 10, 0, 0, 0, 10, 0, 0, 0, 10, 60, 0, -30 )
script = ExtResource( 6 )

[node name="Pedestrian1" type="KinematicBody" parent="." instance=ExtResource( 1 )]
transform = Transform( 1, 0, 0, 0, 1, 0, 0, 0, 1, -7.02275, 0, -9 )
script = ExtResource( 8 )
